[gd_scene load_steps=4 format=3 uid="uid://bxmjfvycp1f1f"]

[ext_resource type="PackedScene" uid="uid://chbq07rn2ykw2" path="res://block.tscn" id="1_lxvli"]

[sub_resource type="BoxMesh" id="BoxMesh_808ey"]
size = Vector3(10, 0.5, 10)

[sub_resource type="BoxShape3D" id="BoxShape3D_blhui"]
size = Vector3(10, 0.5, 10)

[node name="Level1" type="Node3D"]

[node name="Camera3D" type="Camera3D" parent="."]
transform = Transform3D(1, 0, 0, 0, 0.872394, 0.488804, 0, -0.488804, 0.872394, 0, 3.68989, 9.62469)
fov = 70.3125

[node name="Floor" type="StaticBody3D" parent="."]
transform = Transform3D(1, 0, 0, 0, 1, 0, 0, 0, 1, 0, -0.25, 0)
metadata/_edit_group_ = true

[node name="MeshInstance3D" type="MeshInstance3D" parent="Floor"]
mesh = SubResource("BoxMesh_808ey")

[node name="CollisionShape3D" type="CollisionShape3D" parent="Floor"]
shape = SubResource("BoxShape3D_blhui")

[node name="DirectionalLight3D" type="DirectionalLight3D" parent="."]
transform = Transform3D(1, 0, 0, 0, 0.772235, 0.635337, 0, -0.635337, 0.772235, 0, 6.90428, 1.68219)
shadow_enabled = true

[node name="Block1" parent="." instance=ExtResource("1_lxvli")]
transform = Transform3D(0.670181, -0.302655, -0.677685, 0.411578, 0.911375, 0, 0.617625, -0.27892, 0.735352, -1.41168, 2.40122, 1.30447)

[node name="Block2" parent="." instance=ExtResource("1_lxvli")]
transform = Transform3D(0.670181, -0.302655, -0.677685, 0.411578, 0.911375, 0, 0.617625, -0.27892, 0.735352, -1.24712, 4.0786, 1.30447)
